0 100
001 116
002 107
003 738
004 817
005 35
006 41
007 235
008 931
009 889
010 702
011 237
012 736
013 254
014 452
015 762
016 299
017 230
018 709
019 175
020 40
021 280
022 711
023 253
024 447
025 213
026 195
027 94
028 536
029 466
030 755
031 438
032 114
033 132
034 476
035 443
036 824
037 335
038 192
039 729
040 48
041 270
042 257
043 949
044 183
045 215
046 939
047 117
048 572
049 606
050 188
051 274
052 912
053 63
054 820
055 797
056 489
057 517
058 468
059 559
060 209
061 242
062 959
063 675
064 791
065 323
066 154
067 572
068 692
069 978
070 573
071 531
072 271
073 655
074 623
075 690
076 136
077 971
078 663
079 164
080 635
081 282
082 638
083 204
084 436
085 667
086 307
087 670
088 385
089 323
090 849
091 976
092 11
093 449
094 690
095 12
096 524
097 978
098 816
099 669
100 160
