4950 100
001 002
001 003
001 004
001 005
001 006
001 007
001 008
001 009
001 010
001 011
001 012
001 013
001 014
001 015
001 016
001 017
001 018
001 019
001 020
001 021
001 022
001 023
001 024
001 025
001 026
001 027
001 028
001 029
001 030
001 031
001 032
001 033
001 034
001 035
001 036
001 037
001 038
001 039
001 040
001 041
001 042
001 043
001 044
001 045
001 046
001 047
001 048
001 049
001 050
001 051
001 052
001 053
001 054
001 055
001 056
001 057
001 058
001 059
001 060
001 061
001 062
001 063
001 064
001 065
001 066
001 067
001 068
001 069
001 070
001 071
001 072
001 073
001 074
001 075
001 076
001 077
001 078
001 079
001 080
001 081
001 082
001 083
001 084
001 085
001 086
001 087
001 088
001 089
001 090
001 091
001 092
001 093
001 094
001 095
001 096
001 097
001 098
001 099
001 100
002 003
002 004
002 005
002 006
002 007
002 008
002 009
002 010
002 011
002 012
002 013
002 014
002 015
002 016
002 017
002 018
002 019
002 020
002 021
002 022
002 023
002 024
002 025
002 026
002 027
002 028
002 029
002 030
002 031
002 032
002 033
002 034
002 035
002 036
002 037
002 038
002 039
002 040
002 041
002 042
002 043
002 044
002 045
002 046
002 047
002 048
002 049
002 050
002 051
002 052
002 053
002 054
002 055
002 056
002 057
002 058
002 059
002 060
002 061
002 062
002 063
002 064
002 065
002 066
002 067
002 068
002 069
002 070
002 071
002 072
002 073
002 074
002 075
002 076
002 077
002 078
002 079
002 080
002 081
002 082
002 083
002 084
002 085
002 086
002 087
002 088
002 089
002 090
002 091
002 092
002 093
002 094
002 095
002 096
002 097
002 098
002 099
002 100
003 004
003 005
003 006
003 007
003 008
003 009
003 010
003 011
003 012
003 013
003 014
003 015
003 016
003 017
003 018
003 019
003 020
003 021
003 022
003 023
003 024
003 025
003 026
003 027
003 028
003 029
003 030
003 031
003 032
003 033
003 034
003 035
003 036
003 037
003 038
003 039
003 040
003 041
003 042
003 043
003 044
003 045
003 046
003 047
003 048
003 049
003 050
003 051
003 052
003 053
003 054
003 055
003 056
003 057
003 058
003 059
003 060
003 061
003 062
003 063
003 064
003 065
003 066
003 067
003 068
003 069
003 070
003 071
003 072
003 073
003 074
003 075
003 076
003 077
003 078
003 079
003 080
003 081
003 082
003 083
003 084
003 085
003 086
003 087
003 088
003 089
003 090
003 091
003 092
003 093
003 094
003 095
003 096
003 097
003 098
003 099
003 100
004 005
004 006
004 007
004 008
004 009
004 010
004 011
004 012
004 013
004 014
004 015
004 016
004 017
004 018
004 019
004 020
004 021
004 022
004 023
004 024
004 025
004 026
004 027
004 028
004 029
004 030
004 031
004 032
004 033
004 034
004 035
004 036
004 037
004 038
004 039
004 040
004 041
004 042
004 043
004 044
004 045
004 046
004 047
004 048
004 049
004 050
004 051
004 052
004 053
004 054
004 055
004 056
004 057
004 058
004 059
004 060
004 061
004 062
004 063
004 064
004 065
004 066
004 067
004 068
004 069
004 070
004 071
004 072
004 073
004 074
004 075
004 076
004 077
004 078
004 079
004 080
004 081
004 082
004 083
004 084
004 085
004 086
004 087
004 088
004 089
004 090
004 091
004 092
004 093
004 094
004 095
004 096
004 097
004 098
004 099
004 100
005 006
005 007
005 008
005 009
005 010
005 011
005 012
005 013
005 014
005 015
005 016
005 017
005 018
005 019
005 020
005 021
005 022
005 023
005 024
005 025
005 026
005 027
005 028
005 029
005 030
005 031
005 032
005 033
005 034
005 035
005 036
005 037
005 038
005 039
005 040
005 041
005 042
005 043
005 044
005 045
005 046
005 047
005 048
005 049
005 050
005 051
005 052
005 053
005 054
005 055
005 056
005 057
005 058
005 059
005 060
005 061
005 062
005 063
005 064
005 065
005 066
005 067
005 068
005 069
005 070
005 071
005 072
005 073
005 074
005 075
005 076
005 077
005 078
005 079
005 080
005 081
005 082
005 083
005 084
005 085
005 086
005 087
005 088
005 089
005 090
005 091
005 092
005 093
005 094
005 095
005 096
005 097
005 098
005 099
005 100
006 007
006 008
006 009
006 010
006 011
006 012
006 013
006 014
006 015
006 016
006 017
006 018
006 019
006 020
006 021
006 022
006 023
006 024
006 025
006 026
006 027
006 028
006 029
006 030
006 031
006 032
006 033
006 034
006 035
006 036
006 037
006 038
006 039
006 040
006 041
006 042
006 043
006 044
006 045
006 046
006 047
006 048
006 049
006 050
006 051
006 052
006 053
006 054
006 055
006 056
006 057
006 058
006 059
006 060
006 061
006 062
006 063
006 064
006 065
006 066
006 067
006 068
006 069
006 070
006 071
006 072
006 073
006 074
006 075
006 076
006 077
006 078
006 079
006 080
006 081
006 082
006 083
006 084
006 085
006 086
006 087
006 088
006 089
006 090
006 091
006 092
006 093
006 094
006 095
006 096
006 097
006 098
006 099
006 100
007 008
007 009
007 010
007 011
007 012
007 013
007 014
007 015
007 016
007 017
007 018
007 019
007 020
007 021
007 022
007 023
007 024
007 025
007 026
007 027
007 028
007 029
007 030
007 031
007 032
007 033
007 034
007 035
007 036
007 037
007 038
007 039
007 040
007 041
007 042
007 043
007 044
007 045
007 046
007 047
007 048
007 049
007 050
007 051
007 052
007 053
007 054
007 055
007 056
007 057
007 058
007 059
007 060
007 061
007 062
007 063
007 064
007 065
007 066
007 067
007 068
007 069
007 070
007 071
007 072
007 073
007 074
007 075
007 076
007 077
007 078
007 079
007 080
007 081
007 082
007 083
007 084
007 085
007 086
007 087
007 088
007 089
007 090
007 091
007 092
007 093
007 094
007 095
007 096
007 097
007 098
007 099
007 100
008 009
008 010
008 011
008 012
008 013
008 014
008 015
008 016
008 017
008 018
008 019
008 020
008 021
008 022
008 023
008 024
008 025
008 026
008 027
008 028
008 029
008 030
008 031
008 032
008 033
008 034
008 035
008 036
008 037
008 038
008 039
008 040
008 041
008 042
008 043
008 044
008 045
008 046
008 047
008 048
008 049
008 050
008 051
008 052
008 053
008 054
008 055
008 056
008 057
008 058
008 059
008 060
008 061
008 062
008 063
008 064
008 065
008 066
008 067
008 068
008 069
008 070
008 071
008 072
008 073
008 074
008 075
008 076
008 077
008 078
008 079
008 080
008 081
008 082
008 083
008 084
008 085
008 086
008 087
008 088
008 089
008 090
008 091
008 092
008 093
008 094
008 095
008 096
008 097
008 098
008 099
008 100
009 010
009 011
009 012
009 013
009 014
009 015
009 016
009 017
009 018
009 019
009 020
009 021
009 022
009 023
009 024
009 025
009 026
009 027
009 028
009 029
009 030
009 031
009 032
009 033
009 034
009 035
009 036
009 037
009 038
009 039
009 040
009 041
009 042
009 043
009 044
009 045
009 046
009 047
009 048
009 049
009 050
009 051
009 052
009 053
009 054
009 055
009 056
009 057
009 058
009 059
009 060
009 061
009 062
009 063
009 064
009 065
009 066
009 067
009 068
009 069
009 070
009 071
009 072
009 073
009 074
009 075
009 076
009 077
009 078
009 079
009 080
009 081
009 082
009 083
009 084
009 085
009 086
009 087
009 088
009 089
009 090
009 091
009 092
009 093
009 094
009 095
009 096
009 097
009 098
009 099
009 100
010 011
010 012
010 013
010 014
010 015
010 016
010 017
010 018
010 019
010 020
010 021
010 022
010 023
010 024
010 025
010 026
010 027
010 028
010 029
010 030
010 031
010 032
010 033
010 034
010 035
010 036
010 037
010 038
010 039
010 040
010 041
010 042
010 043
010 044
010 045
010 046
010 047
010 048
010 049
010 050
010 051
010 052
010 053
010 054
010 055
010 056
010 057
010 058
010 059
010 060
010 061
010 062
010 063
010 064
010 065
010 066
010 067
010 068
010 069
010 070
010 071
010 072
010 073
010 074
010 075
010 076
010 077
010 078
010 079
010 080
010 081
010 082
010 083
010 084
010 085
010 086
010 087
010 088
010 089
010 090
010 091
010 092
010 093
010 094
010 095
010 096
010 097
010 098
010 099
010 100
011 012
011 013
011 014
011 015
011 016
011 017
011 018
011 019
011 020
011 021
011 022
011 023
011 024
011 025
011 026
011 027
011 028
011 029
011 030
011 031
011 032
011 033
011 034
011 035
011 036
011 037
011 038
011 039
011 040
011 041
011 042
011 043
011 044
011 045
011 046
011 047
011 048
011 049
011 050
011 051
011 052
011 053
011 054
011 055
011 056
011 057
011 058
011 059
011 060
011 061
011 062
011 063
011 064
011 065
011 066
011 067
011 068
011 069
011 070
011 071
011 072
011 073
011 074
011 075
011 076
011 077
011 078
011 079
011 080
011 081
011 082
011 083
011 084
011 085
011 086
011 087
011 088
011 089
011 090
011 091
011 092
011 093
011 094
011 095
011 096
011 097
011 098
011 099
011 100
012 013
012 014
012 015
012 016
012 017
012 018
012 019
012 020
012 021
012 022
012 023
012 024
012 025
012 026
012 027
012 028
012 029
012 030
012 031
012 032
012 033
012 034
012 035
012 036
012 037
012 038
012 039
012 040
012 041
012 042
012 043
012 044
012 045
012 046
012 047
012 048
012 049
012 050
012 051
012 052
012 053
012 054
012 055
012 056
012 057
012 058
012 059
012 060
012 061
012 062
012 063
012 064
012 065
012 066
012 067
012 068
012 069
012 070
012 071
012 072
012 073
012 074
012 075
012 076
012 077
012 078
012 079
012 080
012 081
012 082
012 083
012 084
012 085
012 086
012 087
012 088
012 089
012 090
012 091
012 092
012 093
012 094
012 095
012 096
012 097
012 098
012 099
012 100
013 014
013 015
013 016
013 017
013 018
013 019
013 020
013 021
013 022
013 023
013 024
013 025
013 026
013 027
013 028
013 029
013 030
013 031
013 032
013 033
013 034
013 035
013 036
013 037
013 038
013 039
013 040
013 041
013 042
013 043
013 044
013 045
013 046
013 047
013 048
013 049
013 050
013 051
013 052
013 053
013 054
013 055
013 056
013 057
013 058
013 059
013 060
013 061
013 062
013 063
013 064
013 065
013 066
013 067
013 068
013 069
013 070
013 071
013 072
013 073
013 074
013 075
013 076
013 077
013 078
013 079
013 080
013 081
013 082
013 083
013 084
013 085
013 086
013 087
013 088
013 089
013 090
013 091
013 092
013 093
013 094
013 095
013 096
013 097
013 098
013 099
013 100
014 015
014 016
014 017
014 018
014 019
014 020
014 021
014 022
014 023
014 024
014 025
014 026
014 027
014 028
014 029
014 030
014 031
014 032
014 033
014 034
014 035
014 036
014 037
014 038
014 039
014 040
014 041
014 042
014 043
014 044
014 045
014 046
014 047
014 048
014 049
014 050
014 051
014 052
014 053
014 054
014 055
014 056
014 057
014 058
014 059
014 060
014 061
014 062
014 063
014 064
014 065
014 066
014 067
014 068
014 069
014 070
014 071
014 072
014 073
014 074
014 075
014 076
014 077
014 078
014 079
014 080
014 081
014 082
014 083
014 084
014 085
014 086
014 087
014 088
014 089
014 090
014 091
014 092
014 093
014 094
014 095
014 096
014 097
014 098
014 099
014 100
015 016
015 017
015 018
015 019
015 020
015 021
015 022
015 023
015 024
015 025
015 026
015 027
015 028
015 029
015 030
015 031
015 032
015 033
015 034
015 035
015 036
015 037
015 038
015 039
015 040
015 041
015 042
015 043
015 044
015 045
015 046
015 047
015 048
015 049
015 050
015 051
015 052
015 053
015 054
015 055
015 056
015 057
015 058
015 059
015 060
015 061
015 062
015 063
015 064
015 065
015 066
015 067
015 068
015 069
015 070
015 071
015 072
015 073
015 074
015 075
015 076
015 077
015 078
015 079
015 080
015 081
015 082
015 083
015 084
015 085
015 086
015 087
015 088
015 089
015 090
015 091
015 092
015 093
015 094
015 095
015 096
015 097
015 098
015 099
015 100
016 017
016 018
016 019
016 020
016 021
016 022
016 023
016 024
016 025
016 026
016 027
016 028
016 029
016 030
016 031
016 032
016 033
016 034
016 035
016 036
016 037
016 038
016 039
016 040
016 041
016 042
016 043
016 044
016 045
016 046
016 047
016 048
016 049
016 050
016 051
016 052
016 053
016 054
016 055
016 056
016 057
016 058
016 059
016 060
016 061
016 062
016 063
016 064
016 065
016 066
016 067
016 068
016 069
016 070
016 071
016 072
016 073
016 074
016 075
016 076
016 077
016 078
016 079
016 080
016 081
016 082
016 083
016 084
016 085
016 086
016 087
016 088
016 089
016 090
016 091
016 092
016 093
016 094
016 095
016 096
016 097
016 098
016 099
016 100
017 018
017 019
017 020
017 021
017 022
017 023
017 024
017 025
017 026
017 027
017 028
017 029
017 030
017 031
017 032
017 033
017 034
017 035
017 036
017 037
017 038
017 039
017 040
017 041
017 042
017 043
017 044
017 045
017 046
017 047
017 048
017 049
017 050
017 051
017 052
017 053
017 054
017 055
017 056
017 057
017 058
017 059
017 060
017 061
017 062
017 063
017 064
017 065
017 066
017 067
017 068
017 069
017 070
017 071
017 072
017 073
017 074
017 075
017 076
017 077
017 078
017 079
017 080
017 081
017 082
017 083
017 084
017 085
017 086
017 087
017 088
017 089
017 090
017 091
017 092
017 093
017 094
017 095
017 096
017 097
017 098
017 099
017 100
018 019
018 020
018 021
018 022
018 023
018 024
018 025
018 026
018 027
018 028
018 029
018 030
018 031
018 032
018 033
018 034
018 035
018 036
018 037
018 038
018 039
018 040
018 041
018 042
018 043
018 044
018 045
018 046
018 047
018 048
018 049
018 050
018 051
018 052
018 053
018 054
018 055
018 056
018 057
018 058
018 059
018 060
018 061
018 062
018 063
018 064
018 065
018 066
018 067
018 068
018 069
018 070
018 071
018 072
018 073
018 074
018 075
018 076
018 077
018 078
018 079
018 080
018 081
018 082
018 083
018 084
018 085
018 086
018 087
018 088
018 089
018 090
018 091
018 092
018 093
018 094
018 095
018 096
018 097
018 098
018 099
018 100
019 020
019 021
019 022
019 023
019 024
019 025
019 026
019 027
019 028
019 029
019 030
019 031
019 032
019 033
019 034
019 035
019 036
019 037
019 038
019 039
019 040
019 041
019 042
019 043
019 044
019 045
019 046
019 047
019 048
019 049
019 050
019 051
019 052
019 053
019 054
019 055
019 056
019 057
019 058
019 059
019 060
019 061
019 062
019 063
019 064
019 065
019 066
019 067
019 068
019 069
019 070
019 071
019 072
019 073
019 074
019 075
019 076
019 077
019 078
019 079
019 080
019 081
019 082
019 083
019 084
019 085
019 086
019 087
019 088
019 089
019 090
019 091
019 092
019 093
019 094
019 095
019 096
019 097
019 098
019 099
019 100
020 021
020 022
020 023
020 024
020 025
020 026
020 027
020 028
020 029
020 030
020 031
020 032
020 033
020 034
020 035
020 036
020 037
020 038
020 039
020 040
020 041
020 042
020 043
020 044
020 045
020 046
020 047
020 048
020 049
020 050
020 051
020 052
020 053
020 054
020 055
020 056
020 057
020 058
020 059
020 060
020 061
020 062
020 063
020 064
020 065
020 066
020 067
020 068
020 069
020 070
020 071
020 072
020 073
020 074
020 075
020 076
020 077
020 078
020 079
020 080
020 081
020 082
020 083
020 084
020 085
020 086
020 087
020 088
020 089
020 090
020 091
020 092
020 093
020 094
020 095
020 096
020 097
020 098
020 099
020 100
021 022
021 023
021 024
021 025
021 026
021 027
021 028
021 029
021 030
021 031
021 032
021 033
021 034
021 035
021 036
021 037
021 038
021 039
021 040
021 041
021 042
021 043
021 044
021 045
021 046
021 047
021 048
021 049
021 050
021 051
021 052
021 053
021 054
021 055
021 056
021 057
021 058
021 059
021 060
021 061
021 062
021 063
021 064
021 065
021 066
021 067
021 068
021 069
021 070
021 071
021 072
021 073
021 074
021 075
021 076
021 077
021 078
021 079
021 080
021 081
021 082
021 083
021 084
021 085
021 086
021 087
021 088
021 089
021 090
021 091
021 092
021 093
021 094
021 095
021 096
021 097
021 098
021 099
021 100
022 023
022 024
022 025
022 026
022 027
022 028
022 029
022 030
022 031
022 032
022 033
022 034
022 035
022 036
022 037
022 038
022 039
022 040
022 041
022 042
022 043
022 044
022 045
022 046
022 047
022 048
022 049
022 050
022 051
022 052
022 053
022 054
022 055
022 056
022 057
022 058
022 059
022 060
022 061
022 062
022 063
022 064
022 065
022 066
022 067
022 068
022 069
022 070
022 071
022 072
022 073
022 074
022 075
022 076
022 077
022 078
022 079
022 080
022 081
022 082
022 083
022 084
022 085
022 086
022 087
022 088
022 089
022 090
022 091
022 092
022 093
022 094
022 095
022 096
022 097
022 098
022 099
022 100
023 024
023 025
023 026
023 027
023 028
023 029
023 030
023 031
023 032
023 033
023 034
023 035
023 036
023 037
023 038
023 039
023 040
023 041
023 042
023 043
023 044
023 045
023 046
023 047
023 048
023 049
023 050
023 051
023 052
023 053
023 054
023 055
023 056
023 057
023 058
023 059
023 060
023 061
023 062
023 063
023 064
023 065
023 066
023 067
023 068
023 069
023 070
023 071
023 072
023 073
023 074
023 075
023 076
023 077
023 078
023 079
023 080
023 081
023 082
023 083
023 084
023 085
023 086
023 087
023 088
023 089
023 090
023 091
023 092
023 093
023 094
023 095
023 096
023 097
023 098
023 099
023 100
024 025
024 026
024 027
024 028
024 029
024 030
024 031
024 032
024 033
024 034
024 035
024 036
024 037
024 038
024 039
024 040
024 041
024 042
024 043
024 044
024 045
024 046
024 047
024 048
024 049
024 050
024 051
024 052
024 053
024 054
024 055
024 056
024 057
024 058
024 059
024 060
024 061
024 062
024 063
024 064
024 065
024 066
024 067
024 068
024 069
024 070
024 071
024 072
024 073
024 074
024 075
024 076
024 077
024 078
024 079
024 080
024 081
024 082
024 083
024 084
024 085
024 086
024 087
024 088
024 089
024 090
024 091
024 092
024 093
024 094
024 095
024 096
024 097
024 098
024 099
024 100
025 026
025 027
025 028
025 029
025 030
025 031
025 032
025 033
025 034
025 035
025 036
025 037
025 038
025 039
025 040
025 041
025 042
025 043
025 044
025 045
025 046
025 047
025 048
025 049
025 050
025 051
025 052
025 053
025 054
025 055
025 056
025 057
025 058
025 059
025 060
025 061
025 062
025 063
025 064
025 065
025 066
025 067
025 068
025 069
025 070
025 071
025 072
025 073
025 074
025 075
025 076
025 077
025 078
025 079
025 080
025 081
025 082
025 083
025 084
025 085
025 086
025 087
025 088
025 089
025 090
025 091
025 092
025 093
025 094
025 095
025 096
025 097
025 098
025 099
025 100
026 027
026 028
026 029
026 030
026 031
026 032
026 033
026 034
026 035
026 036
026 037
026 038
026 039
026 040
026 041
026 042
026 043
026 044
026 045
026 046
026 047
026 048
026 049
026 050
026 051
026 052
026 053
026 054
026 055
026 056
026 057
026 058
026 059
026 060
026 061
026 062
026 063
026 064
026 065
026 066
026 067
026 068
026 069
026 070
026 071
026 072
026 073
026 074
026 075
026 076
026 077
026 078
026 079
026 080
026 081
026 082
026 083
026 084
026 085
026 086
026 087
026 088
026 089
026 090
026 091
026 092
026 093
026 094
026 095
026 096
026 097
026 098
026 099
026 100
027 028
027 029
027 030
027 031
027 032
027 033
027 034
027 035
027 036
027 037
027 038
027 039
027 040
027 041
027 042
027 043
027 044
027 045
027 046
027 047
027 048
027 049
027 050
027 051
027 052
027 053
027 054
027 055
027 056
027 057
027 058
027 059
027 060
027 061
027 062
027 063
027 064
027 065
027 066
027 067
027 068
027 069
027 070
027 071
027 072
027 073
027 074
027 075
027 076
027 077
027 078
027 079
027 080
027 081
027 082
027 083
027 084
027 085
027 086
027 087
027 088
027 089
027 090
027 091
027 092
027 093
027 094
027 095
027 096
027 097
027 098
027 099
027 100
028 029
028 030
028 031
028 032
028 033
028 034
028 035
028 036
028 037
028 038
028 039
028 040
028 041
028 042
028 043
028 044
028 045
028 046
028 047
028 048
028 049
028 050
028 051
028 052
028 053
028 054
028 055
028 056
028 057
028 058
028 059
028 060
028 061
028 062
028 063
028 064
028 065
028 066
028 067
028 068
028 069
028 070
028 071
028 072
028 073
028 074
028 075
028 076
028 077
028 078
028 079
028 080
028 081
028 082
028 083
028 084
028 085
028 086
028 087
028 088
028 089
028 090
028 091
028 092
028 093
028 094
028 095
028 096
028 097
028 098
028 099
028 100
029 030
029 031
029 032
029 033
029 034
029 035
029 036
029 037
029 038
029 039
029 040
029 041
029 042
029 043
029 044
029 045
029 046
029 047
029 048
029 049
029 050
029 051
029 052
029 053
029 054
029 055
029 056
029 057
029 058
029 059
029 060
029 061
029 062
029 063
029 064
029 065
029 066
029 067
029 068
029 069
029 070
029 071
029 072
029 073
029 074
029 075
029 076
029 077
029 078
029 079
029 080
029 081
029 082
029 083
029 084
029 085
029 086
029 087
029 088
029 089
029 090
029 091
029 092
029 093
029 094
029 095
029 096
029 097
029 098
029 099
029 100
030 031
030 032
030 033
030 034
030 035
030 036
030 037
030 038
030 039
030 040
030 041
030 042
030 043
030 044
030 045
030 046
030 047
030 048
030 049
030 050
030 051
030 052
030 053
030 054
030 055
030 056
030 057
030 058
030 059
030 060
030 061
030 062
030 063
030 064
030 065
030 066
030 067
030 068
030 069
030 070
030 071
030 072
030 073
030 074
030 075
030 076
030 077
030 078
030 079
030 080
030 081
030 082
030 083
030 084
030 085
030 086
030 087
030 088
030 089
030 090
030 091
030 092
030 093
030 094
030 095
030 096
030 097
030 098
030 099
030 100
031 032
031 033
031 034
031 035
031 036
031 037
031 038
031 039
031 040
031 041
031 042
031 043
031 044
031 045
031 046
031 047
031 048
031 049
031 050
031 051
031 052
031 053
031 054
031 055
031 056
031 057
031 058
031 059
031 060
031 061
031 062
031 063
031 064
031 065
031 066
031 067
031 068
031 069
031 070
031 071
031 072
031 073
031 074
031 075
031 076
031 077
031 078
031 079
031 080
031 081
031 082
031 083
031 084
031 085
031 086
031 087
031 088
031 089
031 090
031 091
031 092
031 093
031 094
031 095
031 096
031 097
031 098
031 099
031 100
032 033
032 034
032 035
032 036
032 037
032 038
032 039
032 040
032 041
032 042
032 043
032 044
032 045
032 046
032 047
032 048
032 049
032 050
032 051
032 052
032 053
032 054
032 055
032 056
032 057
032 058
032 059
032 060
032 061
032 062
032 063
032 064
032 065
032 066
032 067
032 068
032 069
032 070
032 071
032 072
032 073
032 074
032 075
032 076
032 077
032 078
032 079
032 080
032 081
032 082
032 083
032 084
032 085
032 086
032 087
032 088
032 089
032 090
032 091
032 092
032 093
032 094
032 095
032 096
032 097
032 098
032 099
032 100
033 034
033 035
033 036
033 037
033 038
033 039
033 040
033 041
033 042
033 043
033 044
033 045
033 046
033 047
033 048
033 049
033 050
033 051
033 052
033 053
033 054
033 055
033 056
033 057
033 058
033 059
033 060
033 061
033 062
033 063
033 064
033 065
033 066
033 067
033 068
033 069
033 070
033 071
033 072
033 073
033 074
033 075
033 076
033 077
033 078
033 079
033 080
033 081
033 082
033 083
033 084
033 085
033 086
033 087
033 088
033 089
033 090
033 091
033 092
033 093
033 094
033 095
033 096
033 097
033 098
033 099
033 100
034 035
034 036
034 037
034 038
034 039
034 040
034 041
034 042
034 043
034 044
034 045
034 046
034 047
034 048
034 049
034 050
034 051
034 052
034 053
034 054
034 055
034 056
034 057
034 058
034 059
034 060
034 061
034 062
034 063
034 064
034 065
034 066
034 067
034 068
034 069
034 070
034 071
034 072
034 073
034 074
034 075
034 076
034 077
034 078
034 079
034 080
034 081
034 082
034 083
034 084
034 085
034 086
034 087
034 088
034 089
034 090
034 091
034 092
034 093
034 094
034 095
034 096
034 097
034 098
034 099
034 100
035 036
035 037
035 038
035 039
035 040
035 041
035 042
035 043
035 044
035 045
035 046
035 047
035 048
035 049
035 050
035 051
035 052
035 053
035 054
035 055
035 056
035 057
035 058
035 059
035 060
035 061
035 062
035 063
035 064
035 065
035 066
035 067
035 068
035 069
035 070
035 071
035 072
035 073
035 074
035 075
035 076
035 077
035 078
035 079
035 080
035 081
035 082
035 083
035 084
035 085
035 086
035 087
035 088
035 089
035 090
035 091
035 092
035 093
035 094
035 095
035 096
035 097
035 098
035 099
035 100
036 037
036 038
036 039
036 040
036 041
036 042
036 043
036 044
036 045
036 046
036 047
036 048
036 049
036 050
036 051
036 052
036 053
036 054
036 055
036 056
036 057
036 058
036 059
036 060
036 061
036 062
036 063
036 064
036 065
036 066
036 067
036 068
036 069
036 070
036 071
036 072
036 073
036 074
036 075
036 076
036 077
036 078
036 079
036 080
036 081
036 082
036 083
036 084
036 085
036 086
036 087
036 088
036 089
036 090
036 091
036 092
036 093
036 094
036 095
036 096
036 097
036 098
036 099
036 100
037 038
037 039
037 040
037 041
037 042
037 043
037 044
037 045
037 046
037 047
037 048
037 049
037 050
037 051
037 052
037 053
037 054
037 055
037 056
037 057
037 058
037 059
037 060
037 061
037 062
037 063
037 064
037 065
037 066
037 067
037 068
037 069
037 070
037 071
037 072
037 073
037 074
037 075
037 076
037 077
037 078
037 079
037 080
037 081
037 082
037 083
037 084
037 085
037 086
037 087
037 088
037 089
037 090
037 091
037 092
037 093
037 094
037 095
037 096
037 097
037 098
037 099
037 100
038 039
038 040
038 041
038 042
038 043
038 044
038 045
038 046
038 047
038 048
038 049
038 050
038 051
038 052
038 053
038 054
038 055
038 056
038 057
038 058
038 059
038 060
038 061
038 062
038 063
038 064
038 065
038 066
038 067
038 068
038 069
038 070
038 071
038 072
038 073
038 074
038 075
038 076
038 077
038 078
038 079
038 080
038 081
038 082
038 083
038 084
038 085
038 086
038 087
038 088
038 089
038 090
038 091
038 092
038 093
038 094
038 095
038 096
038 097
038 098
038 099
038 100
039 040
039 041
039 042
039 043
039 044
039 045
039 046
039 047
039 048
039 049
039 050
039 051
039 052
039 053
039 054
039 055
039 056
039 057
039 058
039 059
039 060
039 061
039 062
039 063
039 064
039 065
039 066
039 067
039 068
039 069
039 070
039 071
039 072
039 073
039 074
039 075
039 076
039 077
039 078
039 079
039 080
039 081
039 082
039 083
039 084
039 085
039 086
039 087
039 088
039 089
039 090
039 091
039 092
039 093
039 094
039 095
039 096
039 097
039 098
039 099
039 100
040 041
040 042
040 043
040 044
040 045
040 046
040 047
040 048
040 049
040 050
040 051
040 052
040 053
040 054
040 055
040 056
040 057
040 058
040 059
040 060
040 061
040 062
040 063
040 064
040 065
040 066
040 067
040 068
040 069
040 070
040 071
040 072
040 073
040 074
040 075
040 076
040 077
040 078
040 079
040 080
040 081
040 082
040 083
040 084
040 085
040 086
040 087
040 088
040 089
040 090
040 091
040 092
040 093
040 094
040 095
040 096
040 097
040 098
040 099
040 100
041 042
041 043
041 044
041 045
041 046
041 047
041 048
041 049
041 050
041 051
041 052
041 053
041 054
041 055
041 056
041 057
041 058
041 059
041 060
041 061
041 062
041 063
041 064
041 065
041 066
041 067
041 068
041 069
041 070
041 071
041 072
041 073
041 074
041 075
041 076
041 077
041 078
041 079
041 080
041 081
041 082
041 083
041 084
041 085
041 086
041 087
041 088
041 089
041 090
041 091
041 092
041 093
041 094
041 095
041 096
041 097
041 098
041 099
041 100
042 043
042 044
042 045
042 046
042 047
042 048
042 049
042 050
042 051
042 052
042 053
042 054
042 055
042 056
042 057
042 058
042 059
042 060
042 061
042 062
042 063
042 064
042 065
042 066
042 067
042 068
042 069
042 070
042 071
042 072
042 073
042 074
042 075
042 076
042 077
042 078
042 079
042 080
042 081
042 082
042 083
042 084
042 085
042 086
042 087
042 088
042 089
042 090
042 091
042 092
042 093
042 094
042 095
042 096
042 097
042 098
042 099
042 100
043 044
043 045
043 046
043 047
043 048
043 049
043 050
043 051
043 052
043 053
043 054
043 055
043 056
043 057
043 058
043 059
043 060
043 061
043 062
043 063
043 064
043 065
043 066
043 067
043 068
043 069
043 070
043 071
043 072
043 073
043 074
043 075
043 076
043 077
043 078
043 079
043 080
043 081
043 082
043 083
043 084
043 085
043 086
043 087
043 088
043 089
043 090
043 091
043 092
043 093
043 094
043 095
043 096
043 097
043 098
043 099
043 100
044 045
044 046
044 047
044 048
044 049
044 050
044 051
044 052
044 053
044 054
044 055
044 056
044 057
044 058
044 059
044 060
044 061
044 062
044 063
044 064
044 065
044 066
044 067
044 068
044 069
044 070
044 071
044 072
044 073
044 074
044 075
044 076
044 077
044 078
044 079
044 080
044 081
044 082
044 083
044 084
044 085
044 086
044 087
044 088
044 089
044 090
044 091
044 092
044 093
044 094
044 095
044 096
044 097
044 098
044 099
044 100
045 046
045 047
045 048
045 049
045 050
045 051
045 052
045 053
045 054
045 055
045 056
045 057
045 058
045 059
045 060
045 061
045 062
045 063
045 064
045 065
045 066
045 067
045 068
045 069
045 070
045 071
045 072
045 073
045 074
045 075
045 076
045 077
045 078
045 079
045 080
045 081
045 082
045 083
045 084
045 085
045 086
045 087
045 088
045 089
045 090
045 091
045 092
045 093
045 094
045 095
045 096
045 097
045 098
045 099
045 100
046 047
046 048
046 049
046 050
046 051
046 052
046 053
046 054
046 055
046 056
046 057
046 058
046 059
046 060
046 061
046 062
046 063
046 064
046 065
046 066
046 067
046 068
046 069
046 070
046 071
046 072
046 073
046 074
046 075
046 076
046 077
046 078
046 079
046 080
046 081
046 082
046 083
046 084
046 085
046 086
046 087
046 088
046 089
046 090
046 091
046 092
046 093
046 094
046 095
046 096
046 097
046 098
046 099
046 100
047 048
047 049
047 050
047 051
047 052
047 053
047 054
047 055
047 056
047 057
047 058
047 059
047 060
047 061
047 062
047 063
047 064
047 065
047 066
047 067
047 068
047 069
047 070
047 071
047 072
047 073
047 074
047 075
047 076
047 077
047 078
047 079
047 080
047 081
047 082
047 083
047 084
047 085
047 086
047 087
047 088
047 089
047 090
047 091
047 092
047 093
047 094
047 095
047 096
047 097
047 098
047 099
047 100
048 049
048 050
048 051
048 052
048 053
048 054
048 055
048 056
048 057
048 058
048 059
048 060
048 061
048 062
048 063
048 064
048 065
048 066
048 067
048 068
048 069
048 070
048 071
048 072
048 073
048 074
048 075
048 076
048 077
048 078
048 079
048 080
048 081
048 082
048 083
048 084
048 085
048 086
048 087
048 088
048 089
048 090
048 091
048 092
048 093
048 094
048 095
048 096
048 097
048 098
048 099
048 100
049 050
049 051
049 052
049 053
049 054
049 055
049 056
049 057
049 058
049 059
049 060
049 061
049 062
049 063
049 064
049 065
049 066
049 067
049 068
049 069
049 070
049 071
049 072
049 073
049 074
049 075
049 076
049 077
049 078
049 079
049 080
049 081
049 082
049 083
049 084
049 085
049 086
049 087
049 088
049 089
049 090
049 091
049 092
049 093
049 094
049 095
049 096
049 097
049 098
049 099
049 100
050 051
050 052
050 053
050 054
050 055
050 056
050 057
050 058
050 059
050 060
050 061
050 062
050 063
050 064
050 065
050 066
050 067
050 068
050 069
050 070
050 071
050 072
050 073
050 074
050 075
050 076
050 077
050 078
050 079
050 080
050 081
050 082
050 083
050 084
050 085
050 086
050 087
050 088
050 089
050 090
050 091
050 092
050 093
050 094
050 095
050 096
050 097
050 098
050 099
050 100
051 052
051 053
051 054
051 055
051 056
051 057
051 058
051 059
051 060
051 061
051 062
051 063
051 064
051 065
051 066
051 067
051 068
051 069
051 070
051 071
051 072
051 073
051 074
051 075
051 076
051 077
051 078
051 079
051 080
051 081
051 082
051 083
051 084
051 085
051 086
051 087
051 088
051 089
051 090
051 091
051 092
051 093
051 094
051 095
051 096
051 097
051 098
051 099
051 100
052 053
052 054
052 055
052 056
052 057
052 058
052 059
052 060
052 061
052 062
052 063
052 064
052 065
052 066
052 067
052 068
052 069
052 070
052 071
052 072
052 073
052 074
052 075
052 076
052 077
052 078
052 079
052 080
052 081
052 082
052 083
052 084
052 085
052 086
052 087
052 088
052 089
052 090
052 091
052 092
052 093
052 094
052 095
052 096
052 097
052 098
052 099
052 100
053 054
053 055
053 056
053 057
053 058
053 059
053 060
053 061
053 062
053 063
053 064
053 065
053 066
053 067
053 068
053 069
053 070
053 071
053 072
053 073
053 074
053 075
053 076
053 077
053 078
053 079
053 080
053 081
053 082
053 083
053 084
053 085
053 086
053 087
053 088
053 089
053 090
053 091
053 092
053 093
053 094
053 095
053 096
053 097
053 098
053 099
053 100
054 055
054 056
054 057
054 058
054 059
054 060
054 061
054 062
054 063
054 064
054 065
054 066
054 067
054 068
054 069
054 070
054 071
054 072
054 073
054 074
054 075
054 076
054 077
054 078
054 079
054 080
054 081
054 082
054 083
054 084
054 085
054 086
054 087
054 088
054 089
054 090
054 091
054 092
054 093
054 094
054 095
054 096
054 097
054 098
054 099
054 100
055 056
055 057
055 058
055 059
055 060
055 061
055 062
055 063
055 064
055 065
055 066
055 067
055 068
055 069
055 070
055 071
055 072
055 073
055 074
055 075
055 076
055 077
055 078
055 079
055 080
055 081
055 082
055 083
055 084
055 085
055 086
055 087
055 088
055 089
055 090
055 091
055 092
055 093
055 094
055 095
055 096
055 097
055 098
055 099
055 100
056 057
056 058
056 059
056 060
056 061
056 062
056 063
056 064
056 065
056 066
056 067
056 068
056 069
056 070
056 071
056 072
056 073
056 074
056 075
056 076
056 077
056 078
056 079
056 080
056 081
056 082
056 083
056 084
056 085
056 086
056 087
056 088
056 089
056 090
056 091
056 092
056 093
056 094
056 095
056 096
056 097
056 098
056 099
056 100
057 058
057 059
057 060
057 061
057 062
057 063
057 064
057 065
057 066
057 067
057 068
057 069
057 070
057 071
057 072
057 073
057 074
057 075
057 076
057 077
057 078
057 079
057 080
057 081
057 082
057 083
057 084
057 085
057 086
057 087
057 088
057 089
057 090
057 091
057 092
057 093
057 094
057 095
057 096
057 097
057 098
057 099
057 100
058 059
058 060
058 061
058 062
058 063
058 064
058 065
058 066
058 067
058 068
058 069
058 070
058 071
058 072
058 073
058 074
058 075
058 076
058 077
058 078
058 079
058 080
058 081
058 082
058 083
058 084
058 085
058 086
058 087
058 088
058 089
058 090
058 091
058 092
058 093
058 094
058 095
058 096
058 097
058 098
058 099
058 100
059 060
059 061
059 062
059 063
059 064
059 065
059 066
059 067
059 068
059 069
059 070
059 071
059 072
059 073
059 074
059 075
059 076
059 077
059 078
059 079
059 080
059 081
059 082
059 083
059 084
059 085
059 086
059 087
059 088
059 089
059 090
059 091
059 092
059 093
059 094
059 095
059 096
059 097
059 098
059 099
059 100
060 061
060 062
060 063
060 064
060 065
060 066
060 067
060 068
060 069
060 070
060 071
060 072
060 073
060 074
060 075
060 076
060 077
060 078
060 079
060 080
060 081
060 082
060 083
060 084
060 085
060 086
060 087
060 088
060 089
060 090
060 091
060 092
060 093
060 094
060 095
060 096
060 097
060 098
060 099
060 100
061 062
061 063
061 064
061 065
061 066
061 067
061 068
061 069
061 070
061 071
061 072
061 073
061 074
061 075
061 076
061 077
061 078
061 079
061 080
061 081
061 082
061 083
061 084
061 085
061 086
061 087
061 088
061 089
061 090
061 091
061 092
061 093
061 094
061 095
061 096
061 097
061 098
061 099
061 100
062 063
062 064
062 065
062 066
062 067
062 068
062 069
062 070
062 071
062 072
062 073
062 074
062 075
062 076
062 077
062 078
062 079
062 080
062 081
062 082
062 083
062 084
062 085
062 086
062 087
062 088
062 089
062 090
062 091
062 092
062 093
062 094
062 095
062 096
062 097
062 098
062 099
062 100
063 064
063 065
063 066
063 067
063 068
063 069
063 070
063 071
063 072
063 073
063 074
063 075
063 076
063 077
063 078
063 079
063 080
063 081
063 082
063 083
063 084
063 085
063 086
063 087
063 088
063 089
063 090
063 091
063 092
063 093
063 094
063 095
063 096
063 097
063 098
063 099
063 100
064 065
064 066
064 067
064 068
064 069
064 070
064 071
064 072
064 073
064 074
064 075
064 076
064 077
064 078
064 079
064 080
064 081
064 082
064 083
064 084
064 085
064 086
064 087
064 088
064 089
064 090
064 091
064 092
064 093
064 094
064 095
064 096
064 097
064 098
064 099
064 100
065 066
065 067
065 068
065 069
065 070
065 071
065 072
065 073
065 074
065 075
065 076
065 077
065 078
065 079
065 080
065 081
065 082
065 083
065 084
065 085
065 086
065 087
065 088
065 089
065 090
065 091
065 092
065 093
065 094
065 095
065 096
065 097
065 098
065 099
065 100
066 067
066 068
066 069
066 070
066 071
066 072
066 073
066 074
066 075
066 076
066 077
066 078
066 079
066 080
066 081
066 082
066 083
066 084
066 085
066 086
066 087
066 088
066 089
066 090
066 091
066 092
066 093
066 094
066 095
066 096
066 097
066 098
066 099
066 100
067 068
067 069
067 070
067 071
067 072
067 073
067 074
067 075
067 076
067 077
067 078
067 079
067 080
067 081
067 082
067 083
067 084
067 085
067 086
067 087
067 088
067 089
067 090
067 091
067 092
067 093
067 094
067 095
067 096
067 097
067 098
067 099
067 100
068 069
068 070
068 071
068 072
068 073
068 074
068 075
068 076
068 077
068 078
068 079
068 080
068 081
068 082
068 083
068 084
068 085
068 086
068 087
068 088
068 089
068 090
068 091
068 092
068 093
068 094
068 095
068 096
068 097
068 098
068 099
068 100
069 070
069 071
069 072
069 073
069 074
069 075
069 076
069 077
069 078
069 079
069 080
069 081
069 082
069 083
069 084
069 085
069 086
069 087
069 088
069 089
069 090
069 091
069 092
069 093
069 094
069 095
069 096
069 097
069 098
069 099
069 100
070 071
070 072
070 073
070 074
070 075
070 076
070 077
070 078
070 079
070 080
070 081
070 082
070 083
070 084
070 085
070 086
070 087
070 088
070 089
070 090
070 091
070 092
070 093
070 094
070 095
070 096
070 097
070 098
070 099
070 100
071 072
071 073
071 074
071 075
071 076
071 077
071 078
071 079
071 080
071 081
071 082
071 083
071 084
071 085
071 086
071 087
071 088
071 089
071 090
071 091
071 092
071 093
071 094
071 095
071 096
071 097
071 098
071 099
071 100
072 073
072 074
072 075
072 076
072 077
072 078
072 079
072 080
072 081
072 082
072 083
072 084
072 085
072 086
072 087
072 088
072 089
072 090
072 091
072 092
072 093
072 094
072 095
072 096
072 097
072 098
072 099
072 100
073 074
073 075
073 076
073 077
073 078
073 079
073 080
073 081
073 082
073 083
073 084
073 085
073 086
073 087
073 088
073 089
073 090
073 091
073 092
073 093
073 094
073 095
073 096
073 097
073 098
073 099
073 100
074 075
074 076
074 077
074 078
074 079
074 080
074 081
074 082
074 083
074 084
074 085
074 086
074 087
074 088
074 089
074 090
074 091
074 092
074 093
074 094
074 095
074 096
074 097
074 098
074 099
074 100
075 076
075 077
075 078
075 079
075 080
075 081
075 082
075 083
075 084
075 085
075 086
075 087
075 088
075 089
075 090
075 091
075 092
075 093
075 094
075 095
075 096
075 097
075 098
075 099
075 100
076 077
076 078
076 079
076 080
076 081
076 082
076 083
076 084
076 085
076 086
076 087
076 088
076 089
076 090
076 091
076 092
076 093
076 094
076 095
076 096
076 097
076 098
076 099
076 100
077 078
077 079
077 080
077 081
077 082
077 083
077 084
077 085
077 086
077 087
077 088
077 089
077 090
077 091
077 092
077 093
077 094
077 095
077 096
077 097
077 098
077 099
077 100
078 079
078 080
078 081
078 082
078 083
078 084
078 085
078 086
078 087
078 088
078 089
078 090
078 091
078 092
078 093
078 094
078 095
078 096
078 097
078 098
078 099
078 100
079 080
079 081
079 082
079 083
079 084
079 085
079 086
079 087
079 088
079 089
079 090
079 091
079 092
079 093
079 094
079 095
079 096
079 097
079 098
079 099
079 100
080 081
080 082
080 083
080 084
080 085
080 086
080 087
080 088
080 089
080 090
080 091
080 092
080 093
080 094
080 095
080 096
080 097
080 098
080 099
080 100
081 082
081 083
081 084
081 085
081 086
081 087
081 088
081 089
081 090
081 091
081 092
081 093
081 094
081 095
081 096
081 097
081 098
081 099
081 100
082 083
082 084
082 085
082 086
082 087
082 088
082 089
082 090
082 091
082 092
082 093
082 094
082 095
082 096
082 097
082 098
082 099
082 100
083 084
083 085
083 086
083 087
083 088
083 089
083 090
083 091
083 092
083 093
083 094
083 095
083 096
083 097
083 098
083 099
083 100
084 085
084 086
084 087
084 088
084 089
084 090
084 091
084 092
084 093
084 094
084 095
084 096
084 097
084 098
084 099
084 100
085 086
085 087
085 088
085 089
085 090
085 091
085 092
085 093
085 094
085 095
085 096
085 097
085 098
085 099
085 100
086 087
086 088
086 089
086 090
086 091
086 092
086 093
086 094
086 095
086 096
086 097
086 098
086 099
086 100
087 088
087 089
087 090
087 091
087 092
087 093
087 094
087 095
087 096
087 097
087 098
087 099
087 100
088 089
088 090
088 091
088 092
088 093
088 094
088 095
088 096
088 097
088 098
088 099
088 100
089 090
089 091
089 092
089 093
089 094
089 095
089 096
089 097
089 098
089 099
089 100
090 091
090 092
090 093
090 094
090 095
090 096
090 097
090 098
090 099
090 100
091 092
091 093
091 094
091 095
091 096
091 097
091 098
091 099
091 100
092 093
092 094
092 095
092 096
092 097
092 098
092 099
092 100
093 094
093 095
093 096
093 097
093 098
093 099
093 100
094 095
094 096
094 097
094 098
094 099
094 100
095 096
095 097
095 098
095 099
095 100
096 097
096 098
096 099
096 100
097 098
097 099
097 100
098 099
098 100
099 100
001 116
002 107
003 738
004 817
005 35
006 41
007 235
008 931
009 889
010 702
011 237
012 736
013 254
014 452
015 762
016 299
017 230
018 709
019 175
020 40
021 280
022 711
023 253
024 447
025 213
026 195
027 94
028 536
029 466
030 755
031 438
032 114
033 132
034 476
035 443
036 824
037 335
038 192
039 729
040 48
041 270
042 257
043 949
044 183
045 215
046 939
047 117
048 572
049 606
050 188
051 274
052 912
053 63
054 820
055 797
056 489
057 517
058 468
059 559
060 209
061 242
062 959
063 675
064 791
065 323
066 154
067 572
068 692
069 978
070 573
071 531
072 271
073 655
074 623
075 690
076 136
077 971
078 663
079 164
080 635
081 282
082 638
083 204
084 436
085 667
086 307
087 670
088 385
089 323
090 849
091 976
092 11
093 449
094 690
095 12
096 524
097 978
098 816
099 669
100 160
