100 100
001 002
002 003
003 004
004 005
005 006
006 007
007 008
008 009
009 010
010 011
011 012
012 013
013 014
014 015
015 016
016 017
017 018
018 019
019 020
020 021
021 022
022 023
023 024
024 025
025 026
026 027
027 028
028 029
029 030
030 031
031 032
032 033
033 034
034 035
035 036
036 037
037 038
038 039
039 040
040 041
041 042
042 043
043 044
044 045
045 046
046 047
047 048
048 049
049 050
050 051
051 052
052 053
053 054
054 055
055 056
056 057
057 058
058 059
059 060
060 061
061 062
062 063
063 064
064 065
065 066
066 067
067 068
068 069
069 070
070 071
071 072
072 073
073 074
074 075
075 076
076 077
077 078
078 079
079 080
080 081
081 082
082 083
083 084
084 085
085 086
086 087
087 088
088 089
089 090
090 091
091 092
092 093
093 094
094 095
095 096
096 097
097 098
098 099
099 100
100 001
001 116
002 107
003 738
004 817
005 35
006 41
007 235
008 931
009 889
010 702
011 237
012 736
013 254
014 452
015 762
016 299
017 230
018 709
019 175
020 40
021 280
022 711
023 253
024 447
025 213
026 195
027 94
028 536
029 466
030 755
031 438
032 114
033 132
034 476
035 443
036 824
037 335
038 192
039 729
040 48
041 270
042 257
043 949
044 183
045 215
046 939
047 117
048 572
049 606
050 188
051 274
052 912
053 63
054 820
055 797
056 489
057 517
058 468
059 559
060 209
061 242
062 959
063 675
064 791
065 323
066 154
067 572
068 692
069 978
070 573
071 531
072 271
073 655
074 623
075 690
076 136
077 971
078 663
079 164
080 635
081 282
082 638
083 204
084 436
085 667
086 307
087 670
088 385
089 323
090 849
091 976
092 11
093 449
094 690
095 12
096 524
097 978
098 816
099 669
100 160
