100 100
040 006
011 063
028 027
059 071
017 059
070 090
047 057
022 020
032 090
049 079
044 067
038 023
044 041
070 047
079 064
040 025
080 077
064 086
064 036
036 041
015 088
050 054
028 082
088 010
084 008
066 075
044 057
041 033
076 075
020 097
061 040
083 098
076 075
069 079
062 073
037 048
094 048
082 027
084 091
085 096
047 004
020 060
043 044
058 063
091 086
100 070
098 019
027 024
062 017
099 064
033 032
087 023
041 090
067 057
006 023
006 075
077 015
018 087
091 075
040 072
009 064
098 094
045 007
049 002
069 025
073 027
062 020
087 032
015 013
017 091
071 008
011 012
081 016
052 066
001 042
064 061
064 029
096 040
035 044
071 075
032 012
052 041
031 030
030 078
023 085
030 039
030 054
083 058
036 017
077 070
074 031
046 045
030 021
087 007
080 098
034 022
010 040
022 012
052 080
001 839
002 105
003 510
004 562
005 727
006 426
007 458
008 270
009 616
010 58
011 169
012 589
013 546
014 756
015 521
016 319
017 231
018 489
019 648
020 178
021 343
022 366
023 537
024 622
025 943
026 540
027 569
028 146
029 578
030 463
031 539
032 424
033 879
034 676
035 563
036 485
037 63
038 635
039 535
040 740
041 814
042 487
043 449
044 753
045 27
046 81
047 187
048 609
049 583
050 707
051 665
052 474
053 243
054 256
055 940
056 332
057 975
058 74
059 119
060 996
061 460
062 139
063 382
064 997
065 575
066 274
067 268
068 378
069 961
070 872
071 236
072 347
073 293
074 747
075 681
076 326
077 583
078 990
079 84
080 495
081 646
082 803
083 919
084 159
085 442
086 43
087 957
088 862
089 90
090 685
091 399
092 369
093 797
094 718
095 226
096 223
097 361
098 416
099 922
100 122
