27 100
6 4 
5 3 
14 5 
15 2 
13 5 
15 2 
15 2 
6 10 
7 6 
7 1 
15 7 
9 3 
6 8 
7 10 
9 4 
14 7 
15 4 
7 1 
13 5 
6 2 
6 2 
13 6 
10 8 
5 2 
5 10 
12 4 
7 2 
14 6 
7 6 
10 4 
8 6 
8 6 
12 9 
5 5 
7 1 
11 7 
10 6 
14 5 
10 2 
10 2 
15 10 
14 6 
13 2 
12 5 
7 9 
11 10 
15 9 
9 7 
5 3 
14 9 
13 6 
14 10 
11 4 
10 3 
8 3 
15 4 
12 4 
5 1 
14 10 
5 6 
9 10 
12 8 
5 4 
7 9 
10 4 
6 1 
7 2 
13 9 
15 6 
11 7 
13 5 
9 5 
10 6 
14 4 
12 7 
5 1 
10 5 
5 5 
5 4 
7 6 
6 4 
11 2 
9 7 
9 3 
14 2 
5 7 
9 5 
7 1 
7 9 
8 5 
12 7 
11 7 
13 5 
9 2 
14 5 
13 4 
11 9 
10 8 
6 8 
11 4 
